100
281051 777413
84551 715066
2 3
240 201655
727077 727087
871 116733
185 212822
724253 724256
623606 623612
451443 451447
317812 317813
132 160365
113 245487
405841 521133
536 255775
854 411051
82012 622412
482 288710
718 202435
473456 473462
46 866224
553 243140
1 2
322 126145
1000 288020
471740 527821
16 26
642 415637
611 325121
43 518425
223 384727
188 330146
507 255185
836437 836443
38038 38040
228576 732236
85236 405642
13 404157
146 172041
884 308146
2 140750
121825 121826
20 272636
48 541635
215014 850011
553 443406
1 1000000
150 151438
51766 823884
503 528515
278 655115
446710 652267
624 804350
384 854877
773 522304
262 484736
476881 633130
150814 487677
388 361543
272477 320700
165471 165472
767428 767437
20402 560653
213171 213181
47272 47276
215 165182
622781 622784
524 864411
88 782670
484082 630773
840 406270
865534 865540
84686 624471
366 586038
77776 77777
647 535034
857 223706
662 121316
303080 303088
747766 747776
520807 520811
217054 444613
88 102
184776 184786
173 311827
178 117328
257 664584
322 284034
755 837354
165 463756
22 317486
841 118410
85018 644082
784340 784343
500 454133
558654 832524
646 520125
36161 175326
130 283106
731 608230
